1.700465654403413396e+01
-1.813480530752277664e+00
-3.347748342978603908e+00
-1.878302572328095721e+00
-2.890495807843247000e+00
3.299127288044319539e-01
1.097762018189351485e+00
-4.912624963379776055e+00
-7.031961048387558755e+00
-8.998773175583751893e-01
4.775422336355322095e+00
-6.377236948086753010e+00
1.678432341959085417e+00
-4.148458159793999123e+00
-3.499954125972195129e+00
-1.794227067149453347e+00
4.000566775698323418e+00
1.783115971195262217e+00
-5.839808731536062780e-02
1.923687180576858724e+00
2.663807141284149527e+00
-5.602150248679415689e+00
-6.428878418220068447e+00
-4.378250463091077016e+00
-4.763141285202941333e+00
-4.076158191096501682e+00
-7.452990042578866436e-01
-2.628811167341851718e+00
-6.024599420058168953e+00
-4.773428239367772719e+00
-1.311134808886026182e+00
